========================================================
Actual Structure: 12,34,56,789,
12,34,5,7,: 1.111667394672284e-16
12,34,5,8,: 1.111667394672284e-16
12,34,5,9,: 1.111667394672284e-16
12,34,6,7,: 1.111667394672284e-16
12,34,6,8,: 1.111667394672284e-16
12,34,6,9,: 1.111667394672284e-16
12,3,56,7,: 1.3215095784880324
12,3,56,8,: 1.3215095784880324
12,3,56,9,: 1.3215095784880324
12,5,3,78,: 0.33713096470856413
12,5,3,79,: 0.33713096470856413
12,5,3,89,: 0.33713096470856413
12,6,3,78,: 0.33713096470856413
12,6,3,79,: 0.33713096470856413
12,6,3,89,: 0.33713096470856413
12,4,56,7,: 1.3215095784880324
12,4,56,8,: 1.3215095784880324
12,4,56,9,: 1.3215095784880324
12,5,4,78,: 0.33713096470856413
12,5,4,79,: 0.33713096470856413
12,5,4,89,: 0.33713096470856413
12,6,4,78,: 0.33713096470856413
12,6,4,79,: 0.33713096470856413
12,6,4,89,: 0.33713096470856413
1,34,56,7,: 1.9162249501832231
1,34,56,8,: 1.9162249501832231
1,34,56,9,: 1.9162249501832231
1,5,34,78,: 1.26329602778108
1,5,34,79,: 1.26329602778108
1,5,34,89,: 1.26329602778108
1,6,34,78,: 1.26329602778108
1,6,34,79,: 1.26329602778108
1,6,34,89,: 1.26329602778108
1,56,3,78,: 0.2528482235314231
1,56,3,79,: 0.2528482235314231
1,56,3,89,: 0.2528482235314231
1,56,4,78,: 0.2528482235314231
1,56,4,79,: 0.2528482235314231
1,56,4,89,: 0.2528482235314231
2,34,56,7,: 1.9162249501832231
2,34,56,8,: 1.9162249501832231
2,34,56,9,: 1.9162249501832231
2,5,34,78,: 1.26329602778108
2,5,34,79,: 1.26329602778108
2,5,34,89,: 1.26329602778108
2,6,34,78,: 1.26329602778108
2,6,34,79,: 1.26329602778108
2,6,34,89,: 1.26329602778108
2,56,3,78,: 0.2528482235314231
2,56,3,79,: 0.2528482235314231
2,56,3,89,: 0.2528482235314231
2,56,4,78,: 0.2528482235314231
2,56,4,79,: 0.2528482235314231
2,56,4,89,: 0.2528482235314231
12,34,56,7,: 1.112705945375721e-16
12,34,56,8,: 1.112705945375721e-16
12,34,56,9,: 1.112705945375721e-16
12,5,34,78,: 1.1356929376707534
12,5,34,79,: 1.1356929376707534
12,5,34,89,: 1.1356929376707534
12,6,34,78,: 1.1356929376707534
12,6,34,79,: 1.1356929376707534
12,6,34,89,: 1.1356929376707534
12,56,3,78,: 1.6874161996137695
12,56,3,79,: 1.6874161996137695
12,56,3,89,: 1.6874161996137695
12,56,4,78,: 1.6874161996137695
12,56,4,79,: 1.6874161996137695
12,56,4,89,: 1.6874161996137695
1,56,34,78,: 1.9660729633783223
1,56,34,79,: 1.9660729633783223
1,56,34,89,: 1.9660729633783223
2,56,34,78,: 1.9660729633783223
2,56,34,79,: 1.9660729633783223
2,56,34,89,: 1.9660729633783223
12,34,56,78,: 2.2216927709301364e-16
12,34,56,79,: 2.2216927709301364e-16
12,34,56,89,: 2.2216927709301364e-16
SELECTED: 12,34,56,789,
========================================================
Actual Structure: 129,34,56,78,
12,34,5,7,: 1.111667394672284e-16
12,34,5,8,: 1.111667394672284e-16
12,34,6,7,: 1.111667394672284e-16
12,34,6,8,: 1.111667394672284e-16
12,3,56,7,: 1.3215095784880324
12,3,56,8,: 1.3215095784880324
12,5,3,78,: 0.33713096470856413
12,6,3,78,: 0.33713096470856413
12,4,56,7,: 1.3215095784880324
12,4,56,8,: 1.3215095784880324
12,5,4,78,: 0.33713096470856413
12,6,4,78,: 0.33713096470856413
19,34,5,7,: 1.111667394672284e-16
19,34,5,8,: 1.111667394672284e-16
19,34,6,7,: 1.111667394672284e-16
19,34,6,8,: 1.111667394672284e-16
19,3,56,7,: 1.3215095784880324
19,3,56,8,: 1.3215095784880324
19,5,3,78,: 0.33713096470856413
19,6,3,78,: 0.33713096470856413
19,4,56,7,: 1.3215095784880324
19,4,56,8,: 1.3215095784880324
19,5,4,78,: 0.33713096470856413
19,6,4,78,: 0.33713096470856413
1,34,56,7,: 1.9162249501832231
1,34,56,8,: 1.9162249501832231
1,5,34,78,: 1.26329602778108
1,6,34,78,: 1.26329602778108
1,56,3,78,: 0.2528482235314231
1,56,4,78,: 0.2528482235314231
29,34,5,7,: 1.111667394672284e-16
29,34,5,8,: 1.111667394672284e-16
29,34,6,7,: 1.111667394672284e-16
29,34,6,8,: 1.111667394672284e-16
29,3,56,7,: 1.3215095784880324
29,3,56,8,: 1.3215095784880324
29,5,3,78,: 0.33713096470856413
29,6,3,78,: 0.33713096470856413
29,4,56,7,: 1.3215095784880324
29,4,56,8,: 1.3215095784880324
29,5,4,78,: 0.33713096470856413
29,6,4,78,: 0.33713096470856413
2,34,56,7,: 1.9162249501832231
2,34,56,8,: 1.9162249501832231
2,5,34,78,: 1.26329602778108
2,6,34,78,: 1.26329602778108
2,56,3,78,: 0.2528482235314231
2,56,4,78,: 0.2528482235314231
9,34,56,7,: 1.9162249501832231
9,34,56,8,: 1.9162249501832231
9,5,34,78,: 1.26329602778108
9,6,34,78,: 1.26329602778108
9,56,3,78,: 0.2528482235314231
9,56,4,78,: 0.2528482235314231
12,34,56,7,: 1.112705945375721e-16
12,34,56,8,: 1.112705945375721e-16
12,5,34,78,: 1.1356929376707534
12,6,34,78,: 1.1356929376707534
12,56,3,78,: 1.6874161996137695
12,56,4,78,: 1.6874161996137695
19,34,56,7,: 1.112705945375721e-16
19,34,56,8,: 1.112705945375721e-16
19,5,34,78,: 1.1356929376707534
19,6,34,78,: 1.1356929376707534
19,56,3,78,: 1.6874161996137695
19,56,4,78,: 1.6874161996137695
1,56,34,78,: 1.9660729633783223
29,34,56,7,: 1.112705945375721e-16
29,34,56,8,: 1.112705945375721e-16
29,5,34,78,: 1.1356929376707534
29,6,34,78,: 1.1356929376707534
29,56,3,78,: 1.6874161996137695
29,56,4,78,: 1.6874161996137695
2,56,34,78,: 1.9660729633783223
9,56,34,78,: 1.9660729633783223
12,34,56,78,: 2.2216927709301364e-16
19,34,56,78,: 2.2216927709301364e-16
29,34,56,78,: 2.2216927709301364e-16
SELECTED: 129,34,56,78,
========================================================
Actual Structure: 12,349,56,78,
12,34,5,7,: 1.111667394672284e-16
12,34,5,8,: 1.111667394672284e-16
12,34,6,7,: 1.111667394672284e-16
12,34,6,8,: 1.111667394672284e-16
12,39,5,7,: 1.111667394672284e-16
12,39,5,8,: 1.111667394672284e-16
12,39,6,7,: 1.111667394672284e-16
12,39,6,8,: 1.111667394672284e-16
12,3,56,7,: 1.3215095784880324
12,3,56,8,: 1.3215095784880324
12,5,3,78,: 0.33713096470856413
12,6,3,78,: 0.33713096470856413
12,49,5,7,: 1.111667394672284e-16
12,49,5,8,: 1.111667394672284e-16
12,49,6,7,: 1.111667394672284e-16
12,49,6,8,: 1.111667394672284e-16
12,4,56,7,: 1.3215095784880324
12,4,56,8,: 1.3215095784880324
12,5,4,78,: 0.33713096470856413
12,6,4,78,: 0.33713096470856413
12,9,56,7,: 1.3215095784880324
12,9,56,8,: 1.3215095784880324
12,5,9,78,: 0.33713096470856413
12,6,9,78,: 0.33713096470856413
1,34,56,7,: 1.9162249501832231
1,34,56,8,: 1.9162249501832231
1,5,34,78,: 1.26329602778108
1,6,34,78,: 1.26329602778108
1,39,56,7,: 1.9162249501832231
1,39,56,8,: 1.9162249501832231
1,5,39,78,: 1.26329602778108
1,6,39,78,: 1.26329602778108
1,56,3,78,: 0.2528482235314231
1,49,56,7,: 1.9162249501832231
1,49,56,8,: 1.9162249501832231
1,5,49,78,: 1.26329602778108
1,6,49,78,: 1.26329602778108
1,56,4,78,: 0.2528482235314231
1,56,9,78,: 0.2528482235314231
2,34,56,7,: 1.9162249501832231
2,34,56,8,: 1.9162249501832231
2,5,34,78,: 1.26329602778108
2,6,34,78,: 1.26329602778108
2,39,56,7,: 1.9162249501832231
2,39,56,8,: 1.9162249501832231
2,5,39,78,: 1.26329602778108
2,6,39,78,: 1.26329602778108
2,56,3,78,: 0.2528482235314231
2,49,56,7,: 1.9162249501832231
2,49,56,8,: 1.9162249501832231
2,5,49,78,: 1.26329602778108
2,6,49,78,: 1.26329602778108
2,56,4,78,: 0.2528482235314231
2,56,9,78,: 0.2528482235314231
12,34,56,7,: 1.112705945375721e-16
12,34,56,8,: 1.112705945375721e-16
12,5,34,78,: 1.1356929376707534
12,6,34,78,: 1.1356929376707534
12,39,56,7,: 1.112705945375721e-16
12,39,56,8,: 1.112705945375721e-16
12,5,39,78,: 1.1356929376707534
12,6,39,78,: 1.1356929376707534
12,56,3,78,: 1.6874161996137695
12,49,56,7,: 1.112705945375721e-16
12,49,56,8,: 1.112705945375721e-16
12,5,49,78,: 1.1356929376707534
12,6,49,78,: 1.1356929376707534
12,56,4,78,: 1.6874161996137695
12,56,9,78,: 1.6874161996137695
1,56,34,78,: 1.9660729633783223
1,56,39,78,: 1.9660729633783223
1,56,49,78,: 1.9660729633783223
2,56,34,78,: 1.9660729633783223
2,56,39,78,: 1.9660729633783223
2,56,49,78,: 1.9660729633783223
12,34,56,78,: 2.2216927709301364e-16
12,39,56,78,: 2.2216927709301364e-16
12,49,56,78,: 2.2216927709301364e-16
SELECTED: 12,349,56,78,
========================================================
Actual Structure: 12,34,569,78,
12,34,5,7,: 1.111667394672284e-16
12,34,5,8,: 1.111667394672284e-16
12,34,6,7,: 1.111667394672284e-16
12,34,6,8,: 1.111667394672284e-16
12,34,9,7,: 1.111667394672284e-16
12,34,9,8,: 1.111667394672284e-16
12,3,56,7,: 1.3215095784880324
12,3,56,8,: 1.3215095784880324
12,3,59,7,: 1.3215095784880324
12,3,59,8,: 1.3215095784880324
12,5,3,78,: 0.33713096470856413
12,3,69,7,: 1.3215095784880324
12,3,69,8,: 1.3215095784880324
12,6,3,78,: 0.33713096470856413
12,9,3,78,: 0.33713096470856413
12,4,56,7,: 1.3215095784880324
12,4,56,8,: 1.3215095784880324
12,4,59,7,: 1.3215095784880324
12,4,59,8,: 1.3215095784880324
12,5,4,78,: 0.33713096470856413
12,4,69,7,: 1.3215095784880324
12,4,69,8,: 1.3215095784880324
12,6,4,78,: 0.33713096470856413
12,9,4,78,: 0.33713096470856413
1,34,56,7,: 1.9162249501832231
1,34,56,8,: 1.9162249501832231
1,34,59,7,: 1.9162249501832231
1,34,59,8,: 1.9162249501832231
1,5,34,78,: 1.26329602778108
1,34,69,7,: 1.9162249501832231
1,34,69,8,: 1.9162249501832231
1,6,34,78,: 1.26329602778108
1,9,34,78,: 1.26329602778108
1,56,3,78,: 0.2528482235314231
1,59,3,78,: 0.2528482235314231
1,69,3,78,: 0.2528482235314231
1,56,4,78,: 0.2528482235314231
1,59,4,78,: 0.2528482235314231
1,69,4,78,: 0.2528482235314231
2,34,56,7,: 1.9162249501832231
2,34,56,8,: 1.9162249501832231
2,34,59,7,: 1.9162249501832231
2,34,59,8,: 1.9162249501832231
2,5,34,78,: 1.26329602778108
2,34,69,7,: 1.9162249501832231
2,34,69,8,: 1.9162249501832231
2,6,34,78,: 1.26329602778108
2,9,34,78,: 1.26329602778108
2,56,3,78,: 0.2528482235314231
2,59,3,78,: 0.2528482235314231
2,69,3,78,: 0.2528482235314231
2,56,4,78,: 0.2528482235314231
2,59,4,78,: 0.2528482235314231
2,69,4,78,: 0.2528482235314231
12,34,56,7,: 1.112705945375721e-16
12,34,56,8,: 1.112705945375721e-16
12,34,59,7,: 1.112705945375721e-16
12,34,59,8,: 1.112705945375721e-16
12,5,34,78,: 1.1356929376707534
12,34,69,7,: 1.112705945375721e-16
12,34,69,8,: 1.112705945375721e-16
12,6,34,78,: 1.1356929376707534
12,9,34,78,: 1.1356929376707534
12,56,3,78,: 1.6874161996137695
12,59,3,78,: 1.6874161996137695
12,69,3,78,: 1.6874161996137695
12,56,4,78,: 1.6874161996137695
12,59,4,78,: 1.6874161996137695
12,69,4,78,: 1.6874161996137695
1,56,34,78,: 1.9660729633783223
1,59,34,78,: 1.9660729633783223
1,69,34,78,: 1.9660729633783223
2,56,34,78,: 1.9660729633783223
2,59,34,78,: 1.9660729633783223
2,69,34,78,: 1.9660729633783223
12,34,56,78,: 2.2216927709301364e-16
12,34,59,78,: 2.2216927709301364e-16
12,34,69,78,: 2.2216927709301364e-16
SELECTED: 12,34,569,78,
========================================================
Actual Structure: 1,34,56,7892,
1,34,56,7,: 1.9162249501832231
1,34,56,8,: 1.9162249501832231
1,34,56,9,: 1.9162249501832231
1,34,56,2,: 1.9162249501832231
1,5,34,78,: 1.26329602778108
1,5,34,79,: 1.26329602778108
1,5,34,72,: 1.26329602778108
1,5,34,89,: 1.26329602778108
1,5,34,82,: 1.26329602778108
1,5,34,92,: 1.26329602778108
1,6,34,78,: 1.26329602778108
1,6,34,79,: 1.26329602778108
1,6,34,72,: 1.26329602778108
1,6,34,89,: 1.26329602778108
1,6,34,82,: 1.26329602778108
1,6,34,92,: 1.26329602778108
1,56,3,78,: 0.2528482235314231
1,56,3,79,: 0.2528482235314231
1,56,3,72,: 0.2528482235314231
1,56,3,89,: 0.2528482235314231
1,56,3,82,: 0.2528482235314231
1,56,3,92,: 0.2528482235314231
1,56,4,78,: 0.2528482235314231
1,56,4,79,: 0.2528482235314231
1,56,4,72,: 0.2528482235314231
1,56,4,89,: 0.2528482235314231
1,56,4,82,: 0.2528482235314231
1,56,4,92,: 0.2528482235314231
1,56,34,78,: 1.9660729633783223
1,56,34,79,: 1.9660729633783223
1,56,34,72,: 1.9660729633783223
1,56,34,89,: 1.9660729633783223
1,56,34,82,: 1.9660729633783223
1,56,34,92,: 1.9660729633783223
SELECTED: 1,56,34,7892,
========================================================
Actual Structure: 12,3,56,7894,
12,3,56,7,: 1.3215095784880324
12,3,56,8,: 1.3215095784880324
12,3,56,9,: 1.3215095784880324
12,3,56,4,: 1.3215095784880324
12,5,3,78,: 0.33713096470856413
12,5,3,79,: 0.33713096470856413
12,5,3,74,: 0.33713096470856413
12,5,3,89,: 0.33713096470856413
12,5,3,84,: 0.33713096470856413
12,5,3,94,: 0.33713096470856413
12,6,3,78,: 0.33713096470856413
12,6,3,79,: 0.33713096470856413
12,6,3,74,: 0.33713096470856413
12,6,3,89,: 0.33713096470856413
12,6,3,84,: 0.33713096470856413
12,6,3,94,: 0.33713096470856413
1,56,3,78,: 0.2528482235314231
1,56,3,79,: 0.2528482235314231
1,56,3,74,: 0.2528482235314231
1,56,3,89,: 0.2528482235314231
1,56,3,84,: 0.2528482235314231
1,56,3,94,: 0.2528482235314231
2,56,3,78,: 0.2528482235314231
2,56,3,79,: 0.2528482235314231
2,56,3,74,: 0.2528482235314231
2,56,3,89,: 0.2528482235314231
2,56,3,84,: 0.2528482235314231
2,56,3,94,: 0.2528482235314231
12,56,3,78,: 1.6874161996137695
12,56,3,79,: 1.6874161996137695
12,56,3,74,: 1.6874161996137695
12,56,3,89,: 1.6874161996137695
12,56,3,84,: 1.6874161996137695
12,56,3,94,: 1.6874161996137695
SELECTED: 12,56,3,7894,
========================================================
Actual Structure: 12,34,5,7896,
12,34,5,7,: 1.111667394672284e-16
12,34,5,8,: 1.111667394672284e-16
12,34,5,9,: 1.111667394672284e-16
12,34,5,6,: 1.111667394672284e-16
12,5,3,78,: 0.33713096470856413
12,5,3,79,: 0.33713096470856413
12,5,3,76,: 0.33713096470856413
12,5,3,89,: 0.33713096470856413
12,5,3,86,: 0.33713096470856413
12,5,3,96,: 0.33713096470856413
12,5,4,78,: 0.33713096470856413
12,5,4,79,: 0.33713096470856413
12,5,4,76,: 0.33713096470856413
12,5,4,89,: 0.33713096470856413
12,5,4,86,: 0.33713096470856413
12,5,4,96,: 0.33713096470856413
1,5,34,78,: 1.26329602778108
1,5,34,79,: 1.26329602778108
1,5,34,76,: 1.26329602778108
1,5,34,89,: 1.26329602778108
1,5,34,86,: 1.26329602778108
1,5,34,96,: 1.26329602778108
2,5,34,78,: 1.26329602778108
2,5,34,79,: 1.26329602778108
2,5,34,76,: 1.26329602778108
2,5,34,89,: 1.26329602778108
2,5,34,86,: 1.26329602778108
2,5,34,96,: 1.26329602778108
12,5,34,78,: 1.1356929376707534
12,5,34,79,: 1.1356929376707534
12,5,34,76,: 1.1356929376707534
12,5,34,89,: 1.1356929376707534
12,5,34,86,: 1.1356929376707534
12,5,34,96,: 1.1356929376707534
SELECTED: 12,34,5,7896,
========================================================
Actual Structure: 12,346,5,789,
12,34,5,7,: 1.111667394672284e-16
12,34,5,8,: 1.111667394672284e-16
12,34,5,9,: 1.111667394672284e-16
12,36,5,7,: 1.111667394672284e-16
12,36,5,8,: 1.111667394672284e-16
12,36,5,9,: 1.111667394672284e-16
12,5,3,78,: 0.33713096470856413
12,5,3,79,: 0.33713096470856413
12,5,3,89,: 0.33713096470856413
12,46,5,7,: 1.111667394672284e-16
12,46,5,8,: 1.111667394672284e-16
12,46,5,9,: 1.111667394672284e-16
12,5,4,78,: 0.33713096470856413
12,5,4,79,: 0.33713096470856413
12,5,4,89,: 0.33713096470856413
12,5,6,78,: 0.33713096470856413
12,5,6,79,: 0.33713096470856413
12,5,6,89,: 0.33713096470856413
1,5,34,78,: 1.26329602778108
1,5,34,79,: 1.26329602778108
1,5,34,89,: 1.26329602778108
1,5,36,78,: 1.26329602778108
1,5,36,79,: 1.26329602778108
1,5,36,89,: 1.26329602778108
1,5,46,78,: 1.26329602778108
1,5,46,79,: 1.26329602778108
1,5,46,89,: 1.26329602778108
2,5,34,78,: 1.26329602778108
2,5,34,79,: 1.26329602778108
2,5,34,89,: 1.26329602778108
2,5,36,78,: 1.26329602778108
2,5,36,79,: 1.26329602778108
2,5,36,89,: 1.26329602778108
2,5,46,78,: 1.26329602778108
2,5,46,79,: 1.26329602778108
2,5,46,89,: 1.26329602778108
12,5,34,78,: 1.1356929376707534
12,5,34,79,: 1.1356929376707534
12,5,34,89,: 1.1356929376707534
12,5,36,78,: 1.1356929376707534
12,5,36,79,: 1.1356929376707534
12,5,36,89,: 1.1356929376707534
12,5,46,78,: 1.1356929376707534
12,5,46,79,: 1.1356929376707534
12,5,46,89,: 1.1356929376707534
SELECTED: 12,346,5,789,
========================================================
Actual Structure: 126,34,5,789,
12,34,5,7,: 1.111667394672284e-16
12,34,5,8,: 1.111667394672284e-16
12,34,5,9,: 1.111667394672284e-16
12,5,3,78,: 0.33713096470856413
12,5,3,79,: 0.33713096470856413
12,5,3,89,: 0.33713096470856413
12,5,4,78,: 0.33713096470856413
12,5,4,79,: 0.33713096470856413
12,5,4,89,: 0.33713096470856413
16,34,5,7,: 1.111667394672284e-16
16,34,5,8,: 1.111667394672284e-16
16,34,5,9,: 1.111667394672284e-16
16,5,3,78,: 0.33713096470856413
16,5,3,79,: 0.33713096470856413
16,5,3,89,: 0.33713096470856413
16,5,4,78,: 0.33713096470856413
16,5,4,79,: 0.33713096470856413
16,5,4,89,: 0.33713096470856413
1,5,34,78,: 1.26329602778108
1,5,34,79,: 1.26329602778108
1,5,34,89,: 1.26329602778108
26,34,5,7,: 1.111667394672284e-16
26,34,5,8,: 1.111667394672284e-16
26,34,5,9,: 1.111667394672284e-16
26,5,3,78,: 0.33713096470856413
26,5,3,79,: 0.33713096470856413
26,5,3,89,: 0.33713096470856413
26,5,4,78,: 0.33713096470856413
26,5,4,79,: 0.33713096470856413
26,5,4,89,: 0.33713096470856413
2,5,34,78,: 1.26329602778108
2,5,34,79,: 1.26329602778108
2,5,34,89,: 1.26329602778108
6,5,34,78,: 1.26329602778108
6,5,34,79,: 1.26329602778108
6,5,34,89,: 1.26329602778108
12,5,34,78,: 1.1356929376707534
12,5,34,79,: 1.1356929376707534
12,5,34,89,: 1.1356929376707534
16,5,34,78,: 1.1356929376707534
16,5,34,79,: 1.1356929376707534
16,5,34,89,: 1.1356929376707534
26,5,34,78,: 1.1356929376707534
26,5,34,79,: 1.1356929376707534
26,5,34,89,: 1.1356929376707534
SELECTED: 126,34,5,789,
========================================================
Actual Structure: 124,3,56,789,
12,3,56,7,: 1.3215095784880324
12,3,56,8,: 1.3215095784880324
12,3,56,9,: 1.3215095784880324
12,5,3,78,: 0.33713096470856413
12,5,3,79,: 0.33713096470856413
12,5,3,89,: 0.33713096470856413
12,6,3,78,: 0.33713096470856413
12,6,3,79,: 0.33713096470856413
12,6,3,89,: 0.33713096470856413
14,3,56,7,: 1.3215095784880324
14,3,56,8,: 1.3215095784880324
14,3,56,9,: 1.3215095784880324
14,5,3,78,: 0.33713096470856413
14,5,3,79,: 0.33713096470856413
14,5,3,89,: 0.33713096470856413
14,6,3,78,: 0.33713096470856413
14,6,3,79,: 0.33713096470856413
14,6,3,89,: 0.33713096470856413
1,56,3,78,: 0.2528482235314231
1,56,3,79,: 0.2528482235314231
1,56,3,89,: 0.2528482235314231
24,3,56,7,: 1.3215095784880324
24,3,56,8,: 1.3215095784880324
24,3,56,9,: 1.3215095784880324
24,5,3,78,: 0.33713096470856413
24,5,3,79,: 0.33713096470856413
24,5,3,89,: 0.33713096470856413
24,6,3,78,: 0.33713096470856413
24,6,3,79,: 0.33713096470856413
24,6,3,89,: 0.33713096470856413
2,56,3,78,: 0.2528482235314231
2,56,3,79,: 0.2528482235314231
2,56,3,89,: 0.2528482235314231
4,56,3,78,: 0.2528482235314231
4,56,3,79,: 0.2528482235314231
4,56,3,89,: 0.2528482235314231
12,56,3,78,: 1.6874161996137695
12,56,3,79,: 1.6874161996137695
12,56,3,89,: 1.6874161996137695
14,56,3,78,: 1.6874161996137695
14,56,3,79,: 1.6874161996137695
14,56,3,89,: 1.6874161996137695
24,56,3,78,: 1.6874161996137695
24,56,3,79,: 1.6874161996137695
24,56,3,89,: 1.6874161996137695
SELECTED: 124,56,3,789,
